First column: degree 1, Last column: degree 5, first row: OSL, second: Lasso, third: Ridge
-----------------------# R2
0.7186 0.8063 0.9100 0.9527 0.9748
0.7186 0.8038 0.8370 0.8653 0.8736
0.7186 0.8063 0.9100 0.9526 0.9696
-----------------------# MSE
0.0232 0.0160 0.0074 0.0039 0.0021
0.0232 0.0162 0.0135 0.0111 0.0104
0.0232 0.0160 0.0074 0.0039 0.0025
-----------------------# Bias
0.0165 0.0165 0.0165 0.0165 0.0165
0.0165 0.0165 0.0165 0.0165 0.0165
0.0165 0.0165 0.0165 0.0165 0.0165
-----------------------# Var
0.0119 0.0133 0.0150 0.0157 0.0161
0.0116 0.0127 0.0129 0.0133 0.0134
0.0119 0.0133 0.0150 0.0157 0.0158
-----------------------# Mean var(B)
0.0000 0.0000 0.0001 0.0013 0.0317
0.0000 0.0000 0.0000 0.0009 0.0220
0.0000 0.0000 0.0001 0.0012 0.0305
