	Poly 1 				Poly 2 				Poly 3 				Poly 4 				Poly 5

1.00994		1.01001		1.17044		1.17059		0.96028		0.960602	0.584268	0.584799	0.321464	0.322247
-0.51206	-0.511978	-1.0783		-1.07786	-0.413199	-0.411569	4.45986		4.46398		8.71094		8.71955
0		0		-0.573442	-0.573004	1.56648		1.5681		2.86429		2.86832		3.52592		3.53432
				0.0964149	0.0968069	-1.81403	-1.81086	-19.8142	-19.801		-36.8696	-36.8291
				0.893628	0.893973	1.85219		1.85466		-2.46636	-2.45618	-16.3053	-16.2741
				0		0		-6.66267	-6.65955	-9.98037	-9.96746	-5.77871	-5.73864
								1.12557		1.12757		25.3761		25.3941		51.2562		51.3452
								0.405007	0.406689	7.90871		7.92215		45.8215		45.887
								-1.3369		-1.33518	2.0322		2.04588		22.3362		22.4019
								0		0		8.04464		8.06227		-13.6578	-13.5686
												-10.7237	-10.715		-25.139		-25.0475
												-5.25297	-5.24561	-54.4839	-54.4146
												0.380772	0.387967	-7.92108	-7.8561
												-2.48116	-2.47361	-30.9317	-30.8611
												0		0		32.262		32.3544
																1.66681		1.7023 
																19.2882		19.319
																10.2225		10.2526
																-4.71817	-4.68789
																16.5524		16.584
																0		0	

																		
											






































