First column: degree 1, Last column: degree 5, first row: OSL, second: Lasso, third: Ridge
-----------------------# R2
0.6349 0.7114 0.8145 0.8525 0.8714
0.6093 0.6249 0.6249 0.6249 0.6249
0.6349 0.7114 0.8145 0.8502 0.8574
-----------------------# MSE
0.0340 0.0268 0.0173 0.0137 0.0120
0.0364 0.0349 0.0349 0.0349 0.0349
0.0340 0.0268 0.0173 0.0139 0.0133
-----------------------# Bias
0.0186 0.0186 0.0186 0.0186 0.0186
0.0186 0.0186 0.0186 0.0186 0.0186
0.0186 0.0186 0.0186 0.0186 0.0186
-----------------------# Var
0.0118 0.0132 0.0152 0.0159 0.0162
0.0076 0.0079 0.0079 0.0079 0.0079
0.0118 0.0132 0.0151 0.0155 0.0157
-----------------------# Mean var(B)
0.0000 0.0000 0.0001 0.0013 0.0321
0.0000 0.0000 0.0000 0.0003 0.0077
0.0000 0.0000 0.0001 0.0012 0.0301
