First column: degree 1, Last column: degree 5, first row: OSL, second: Lasso, third: Ridge
-----------------------# R2
0.6943 0.7785 0.8845 0.9258 0.9469
0.6873 0.7050 0.7050 0.7050 0.7050
0.6943 0.7785 0.8845 0.9254 0.9382
-----------------------# MSE
0.0261 0.0189 0.0099 0.0063 0.0045
0.0267 0.0252 0.0252 0.0252 0.0252
0.0261 0.0189 0.0099 0.0064 0.0053
-----------------------# Bias
0.0170 0.0170 0.0170 0.0170 0.0170
0.0170 0.0170 0.0170 0.0170 0.0170
0.0170 0.0170 0.0170 0.0170 0.0170
-----------------------# Var
0.0118 0.0133 0.0151 0.0158 0.0162
0.0096 0.0099 0.0099 0.0099 0.0099
0.0118 0.0133 0.0151 0.0157 0.0158
-----------------------# Mean var(B)
0.0000 0.0000 0.0001 0.0013 0.0319
0.0000 0.0000 0.0000 0.0005 0.0121
0.0000 0.0000 0.0001 0.0012 0.0304
