First column: degree 1, Last column: degree 5, first row: OSL, second: Lasso, third: Ridge
-----------------------# R2
0.1733 0.1932 0.2369 0.2478 0.2525
0.0000 0.0000 0.0000 0.0000 0.0000
0.1733 0.1932 0.2369 0.2463 0.2481
-----------------------# MSE
0.2763 0.2697 0.2551 0.2514 0.2499
0.3343 0.3343 0.3343 0.3343 0.3343
0.2763 0.2697 0.2551 0.2519 0.2513
-----------------------# Bias
0.0667 0.0667 0.0667 0.0667 0.0667
0.0667 0.0667 0.0667 0.0667 0.0667
0.0667 0.0667 0.0667 0.0667 0.0667
-----------------------# Var
0.0116 0.0129 0.0158 0.0166 0.0169
0.0000 0.0000 0.0000 0.0000 0.0000
0.0116 0.0129 0.0158 0.0160 0.0163
-----------------------# Mean var(B)
0.0000 0.0000 0.0001 0.0014 0.0348
0.0000 0.0000 0.0000 0.0000 0.0000
0.0000 0.0000 0.0001 0.0013 0.0323
