First column: degree 1, Last column: degree 5, first row: OSL, second: Lasso, third: Ridge
-----------------------# R2
0.3306 0.4073 0.6992 0.7545 0.8437
0.3306 0.4073 0.6979 0.7362 0.7416
0.3301 0.4066 0.6180 0.6928 0.7177
-----------------------# MSE
872.2606 772.3100 391.9464 319.8957 203.6650
872.2611 772.3370 393.6344 343.7718 336.6800
872.9593 773.2531 497.8216 400.3385 367.8980
-----------------------# Bias
1303.0792 1303.0792 1303.0792 1303.0792 1303.0792
1303.0792 1303.0792 1303.0792 1303.0792 1303.0792
1303.0792 1303.0792 1303.0792 1303.0792 1303.0792
-----------------------# Var
430.8185 530.7691 911.1327 983.1835 1099.4142
429.9282 527.9868 873.8547 926.8242 937.2751
428.3665 520.6592 635.8837 745.8573 812.2516
-----------------------# Mean var(B)
0.0000 0.0000 0.0000 0.0000 0.0000
0.0000 0.0000 0.0000 0.0000 0.0000
0.0000 0.0000 0.0000 0.0000 0.0000
